1.69434199	0.254870845	0.236773342	0.404164777	0.120605549	-0.000950854	-3.259319446	5.456941113	0.827622431	1.013822314	1.695270389	0.429297723	-0.128803748	9.89014762	0.706522227	-0.573461993	0.043094695	-0.433423696	0.113915654	0.074768166	-0.380564791	-17.60001261	-3.459816862	-0.518609007	-0.903732562	-0.863335095	-0.141602466	260.9042038
1.773105509	0.206411788	0.319716542	0.363303427	0.209359736	-0.067062637	-3.190804172	5.685412402	0.728189474	1.228941548	1.456136276	0.784836064	-0.326959665	10.3337976	0.736488565	-0.458792153	0.287423002	-0.273602564	0.251291108	-0.049818413	-0.474651942	-18.2662523	-3.156886332	-1.088587003	-0.773487685	-1.414751695	0.28433513	260.4835204
1.922414317	0.203233061	0.297108317	0.404516928	0.167238196	0.012802519	-3.27357161	6.27764821	0.767771336	1.038047291	1.72290622	0.575768362	0.062338844	9.958129421	0.748713109	-0.284289601	0.293482435	-0.393370599	0.223146422	0.007800402	-0.769009151	-19.35569515	-3.174237414	-0.939896823	-0.777811005	-1.19157458	-0.125488148	260.8531842
1.648866258	0.188613744	0.383197968	0.281961317	0.171599989	-0.069323621	-3.233304544	4.491779666	0.783663337	1.233824468	1.166877965	0.397039984	-0.238642495	10.14171634	0.637242818	-0.367029652	0.512028811	-0.387543713	0.369471769	-0.099572342	-0.732386224	-18.64393592	-3.119763488	-1.517070189	-0.014962021	-1.408511693	0.397655242	260.505212
1.402153498	0.268341124	0.257187707	0.190250566	0.175292181	-0.159259078	-2.655947587	3.324895452	1.239552539	0.295608772	0.494469982	0.342187035	-0.495032873	12.52151925	-0.399135187	-0.725079954	0.831512019	-0.116529067	0.275310372	-0.320650978	-0.072009616	-17.39567179	-3.460195685	-1.160592701	0.343164316	-1.507120695	1.064829447	257.1565992
2.180982849	0.375924422	0.455644941	0.242961879	0.243370969	-0.160609952	-2.762681683	6.191510862	1.524731671	0.872528075	0.455578772	0.724288397	-0.573716314	11.84538466	0.096019826	-0.588497926	1.061470464	0.059819623	0.430615271	-0.340937722	-0.492838079	-22.18045037	-4.351578451	-2.313332413	0.035819775	-1.810846574	1.021076988	257.6494426
2.041368208	0.349185108	0.278699418	0.096789333	0.285934951	-0.220795629	-2.623953829	5.419750595	1.381368666	0.029448756	-0.245560942	0.772400243	-0.647880913	12.32988197	-0.824071526	-0.773835868	0.997958573	-0.062325938	0.634637401	-0.513693403	-0.824467498	-21.40059359	-4.303396836	-1.2912941	0.974268559	-2.228476665	1.534903053	256.9768945
2.113335081	0.372476346	0.207111658	0.043080256	0.23316967	-0.207399406	-2.768780455	5.696902677	1.30263487	-0.23980549	-0.496213053	0.668597276	-0.760066363	11.31662579	-1.781526006	-0.944256078	0.832682125	-0.104344553	0.423148155	-0.302449024	-1.507254873	-21.40063656	-4.557171509	-0.699408655	1.382154745	-1.746270942	1.280678527	257.7055103
2.340945123	0.443225842	0.178050454	0.072102945	0.251327425	-0.28737671	-2.549017567	6.227373675	1.386526815	-0.462289279	-0.495557792	0.749646533	-0.99849227	11.49006993	-2.282544296	-1.222453977	0.748523055	0.100198664	0.426901428	-0.488473473	-1.719392809	-22.6162057	-4.996832727	-0.447247201	1.198211638	-1.836991574	1.86948116	256.1923149
2.474846095	0.570747124	0.235716318	0.014694158	0.170584695	-0.179025399	-2.553362721	6.465593884	1.675456956	-0.154443353	-0.748651741	0.513186747	-0.678156029	10.99971205	-3.069367074	-1.2787999	0.692711797	0.029139877	0.279940149	-0.247787563	-2.681617328	-22.99679915	-5.824844895	-0.559835341	1.623333729	-1.277872537	1.127573216	256.4356929
2.893471169	0.624570398	0.408770025	0.013455542	0.15736352	-0.196996804	-2.24264826	7.510842216	1.743687563	0.601636022	-0.817297044	0.494511148	-0.786915429	11.73559132	-3.144565181	-1.61229692	0.733733712	0.148213133	0.270289862	-0.161179304	-3.183656365	-25.32164755	-6.078304102	-1.387792469	1.583190456	-1.153438097	1.169415933	254.8365655
2.944104986	0.612380115	0.289774047	-0.126123843	0.138617521	-0.119523044	-2.199571624	7.435101193	1.676187291	0.185516249	-1.409788096	0.435584628	-0.4465572	11.53561732	-3.740713841	-1.909271207	0.649969482	-0.043322694	0.128542891	-0.103070377	-3.973415122	-25.16469022	-5.950507024	-0.681286289	2.405412449	-0.96533585	0.764810765	254.9071717
3.26025881	0.603898279	0.218432339	-0.130969639	0.106871675	-0.100566655	-2.088851354	8.49459413	1.538031223	-0.106184543	-1.463849191	0.328191374	-0.368561388	11.54538749	-3.935498286	-2.068334658	0.706135596	-0.023192532	0.123832943	-0.177606021	-4.219915673	-26.5368283	-5.945473028	-0.321036746	2.444911321	-0.767108651	0.716629337	254.3965998
3.084768815	0.642522099	0.303280017	-0.09552149	0.061470197	-0.121126308	-1.993433478	7.558086528	1.667023419	0.332930187	-1.352894468	0.094793138	-0.410100142	11.66131276	-4.637413101	-2.026579114	0.907179205	-0.00066644	0.177705437	-0.216889965	-4.361607271	-25.02280094	-6.234116304	-0.884019935	2.221694411	-0.578828065	0.900989423	254.0761744
2.77666782	0.688570767	0.29132877	-0.069089786	0.000722732	-0.088530343	-1.953746582	6.36197454	1.694300787	0.46505878	-1.261665957	-0.086778577	-0.279057929	11.55345415	-5.173012347	-1.769070869	0.790374498	0.029991814	0.02341734	-0.01999245	-4.442802894	-22.62927459	-6.718338019	-0.796971	2.045199849	-0.162991309	0.651413492	254.0044299
1.550500048	0.199706183	0.357112671	0.408988064	0.1643666	0.003969193	-3.551988763	4.756846681	0.647752859	1.293563209	1.600412172	0.599760415	-0.070055449	9.264612332	0.493805712	-0.501595288	-0.263953726	-0.838266954	0.162422503	0.002354647	-0.51944292	-16.83421152	-3.190418373	-1.064100551	-0.780214212	-1.118320644	-0.1330541	263.7518802
1.756691143	0.174932171	0.51225866	0.481493702	0.215773238	-0.037757862	-3.568656261	5.643623873	0.655306686	1.903792165	1.862433867	0.762903357	-0.208742589	9.373906526	0.616048682	-0.478775849	-0.066425574	-0.763741704	0.291617163	-0.008786645	-0.760099133	-18.16651587	-2.976868308	-1.95460146	-1.152383286	-1.50205308	0.110538513	263.8757568
1.7854666	0.132916187	0.584734634	0.444088764	0.201600275	-0.043091184	-3.728483008	5.710693696	0.551469051	2.055740184	1.698703173	0.67943	-0.187894722	8.828104085	0.568466089	-0.445485752	0.07963116	-0.712665151	0.296625086	-0.036440769	-1.037060296	-18.60557805	-2.791594985	-2.43643211	-0.845745223	-1.433345335	0.175679451	264.7883619
1.839116272	0.185034286	0.629254175	0.423248952	0.224402519	-0.133705964	-3.606831526	5.547683415	0.751523676	2.016660225	1.498435272	0.728732123	-0.560033502	9.070098887	0.61543054	-0.273847958	0.202589578	-0.553728757	0.344103699	-0.163106992	-0.685874007	-19.58280554	-3.272281902	-2.742143745	-0.683454416	-1.639011029	0.745275879	263.7831234
1.37630173	0.16344263	0.4015768	0.167414898	0.094949007	-0.131952156	-3.080339004	3.337749611	0.910071994	0.75454024	0.272634253	0.052225404	-0.4063788	10.74728776	-0.201088682	-0.631635019	0.41335638	-0.578101797	0.259434066	-0.210343204	0.150696349	-17.41059366	-3.032138304	-1.70490871	0.751677363	-1.035519953	0.842714151	260.3596869
2.017211604	0.300944049	0.572167704	0.157509771	0.318237907	-0.10160555	-3.076437698	5.945941623	1.444253337	1.031744239	-0.144253967	1.058267154	-0.365885124	10.81413557	-0.171522019	-0.683172271	0.966886129	-0.324433827	0.412861878	-0.264468313	-0.365839805	-21.13959364	-3.987389669	-2.967801752	0.711439988	-2.219993553	0.638052885	260.5438366
1.562627981	0.339421544	0.147173309	0.07376962	0.126578047	-0.137445394	-2.70304423	4.125770616	1.618292048	-0.721403888	-0.654876024	0.173272829	-0.209447955	12.06009624	-1.739836096	-0.747261287	0.527814293	-0.307799879	0.344826475	-0.529279573	-0.025774258	-18.21983144	-4.301557458	-0.452085074	1.198564665	-1.280322287	1.183424137	258.2143293
2.127753456	0.438623142	0.269606268	0.045693049	0.223274446	-0.248223876	-2.946620518	6.178795431	1.789838442	-0.287382595	-0.727156755	0.628399849	-0.916173342	10.83976403	-1.733302048	-0.75565195	0.661057756	-0.329253466	0.429457258	-0.403441217	-0.982738824	-21.41586788	-5.124840376	-1.056096023	1.538826342	-1.725962434	1.538444148	259.6946002
2.314445831	0.424301475	0.266599382	0.087105016	0.265926901	-0.324729662	-2.751136684	6.477430196	1.503319119	-0.237908201	-0.541106377	0.813620414	-1.187609588	11.08440006	-2.289911438	-1.033580315	0.515976558	-0.306229207	0.450667919	-0.466744731	-1.393225242	-22.32599902	-5.116484519	-0.868642312	1.372991493	-1.943454698	2.047027476	258.4243927
2.441887482	0.536850446	0.242109933	0.033034575	0.188567665	-0.206176601	-2.700968984	6.423226837	1.650540813	-0.267452221	-0.799150328	0.565859838	-0.76527588	10.69439961	-2.746428065	-1.025646491	0.41221768	-0.330455297	0.352810565	-0.290704391	-2.181243949	-22.91674048	-5.904040498	-0.559378411	1.703880137	-1.426750743	1.285525604	258.1340535
2.85363055	0.649347129	0.375640459	0.073891292	0.16887785	-0.288592847	-2.361058995	7.452397082	1.925682126	0.284183345	-0.711119247	0.575765326	-1.085129793	11.53547811	-2.709101221	-1.393578737	0.565963636	-0.096966912	0.286603617	-0.313769124	-2.693987334	-25.19130943	-6.450913346	-1.257982233	1.390449575	-1.220581546	1.76268104	256.3091662
2.859127385	0.606285703	0.310950248	-0.068607134	0.154950341	-0.024742905	-2.569848012	7.331736666	1.681461813	0.11855692	-1.314302995	0.553630785	-0.058187974	10.17431168	-3.41565415	-1.620998646	0.455825801	-0.236779825	0.175958186	-0.052832437	-3.60956554	-24.7153228	-6.237112611	-0.777608108	2.209536127	-1.063017531	0.229466551	257.7033699
3.043615129	0.661442861	0.320785473	-0.054252258	0.067065723	-0.083684643	-2.448244767	7.866474148	1.842639953	0.157141623	-1.327573466	0.170859685	-0.285586806	10.25487577	-3.802319549	-1.719875515	0.618471112	-0.244657705	0.079011677	-0.161576751	-3.915967085	-25.32758053	-6.577756391	-0.907297233	2.132635981	-0.547494502	0.623307781	257.1716219
3.063284228	0.663794898	0.316553526	-0.020568942	0.097435672	-0.07476669	-2.368755736	7.812974067	1.859575187	0.232920352	-1.228490757	0.288124813	-0.23833413	10.22251549	-4.20470562	-1.987159917	0.801176874	-0.097955552	0.162745918	-0.186587633	-4.052026908	-24.9536723	-6.571578516	-1.038921358	1.892368008	-0.743572936	0.623240998	256.8720373
2.057476979	0.799541699	0.153776003	-0.013031263	0.007819152	0.020412497	-2.516255658	3.994753743	2.260045098	-0.208923553	-1.220663919	-0.064397619	0.162695917	9.497901382	-5.471345106	-1.774144385	0.622503102	-0.051569556	0.080319183	-0.021890275	-4.268535361	-18.5005512	-7.531858648	-0.205774257	1.798018858	-0.240148051	0.060842225	257.8915778
1.437710219	0.187356766	0.481443609	0.304694031	0.131462087	0.01124337	-3.949482709	4.373724679	0.772264964	1.710599289	1.04069135	0.434748515	-0.063825091	8.361614076	0.397990869	-0.482988231	-0.356095823	-1.037200037	0.143283219	0.019184283	-0.803198154	-16.26517411	-3.131364737	-1.618006378	-0.11237152	-0.960970733	-0.196700437	267.4138736
1.389361735	0.095037321	0.491041822	0.374053689	0.147291913	-0.016951314	-3.919603501	4.320578259	0.441637162	1.625078591	1.290615406	0.519894252	-0.167752057	8.771601106	0.158013974	-0.641699523	-0.373027225	-1.044034432	0.150483605	0.031122127	-0.851896538	-16.05720635	-2.548583424	-1.74720648	-0.430147849	-1.03608151	-0.030384847	267.3438634
0.838689476	0.076358308	0.449393589	0.329936157	0.138779072	-0.250286648	-3.778176086	2.04440778	0.475410787	1.061551581	1.142388336	0.274346163	-1.019654062	9.564577719	-0.574223113	-0.52214993	-0.209883375	-1.038250121	0.259275659	-0.285531849	-0.539880851	-13.26061705	-2.50179944	-1.818342703	0.001509701	-1.234540955	1.442454337	266.6805624
2.108899281	0.153520836	0.682038655	0.421225303	0.196752975	0.033704482	-3.5620282	7.191115511	0.717731691	1.800319075	1.092440601	0.742030742	0.087144511	9.568446403	0.676443349	-0.273066175	0.005592225	-0.50086624	0.262502369	0.064274356	0.089477312	-21.01917884	-3.295377381	-3.072054326	-0.669289945	-1.388349761	-0.265273574	264.7424915
2.117702056	0.13466	0.869693258	0.265534164	0.247264789	-0.004373378	-3.721613644	7.201876771	0.821363641	2.501441632	0.241068758	0.806069867	-0.039869779	8.254818491	0.44218071	-0.450020704	0.373033602	-0.553343955	0.456902074	0.05458024	0.115184564	-21.42025916	-3.25382693	-4.112197302	0.307683613	-1.823318565	-0.041863069	265.1300422
1.985408518	0.233628073	0.723577276	0.035475537	0.168164829	-0.126333754	-3.477986125	6.41518629	1.298295408	1.596022659	-0.820254515	0.382570294	-0.535009472	9.242367385	-0.236923339	-0.60046315	0.685359116	-0.721988878	0.329374885	-0.149672423	0.004778841	-20.89719346	-3.866853325	-3.545589022	1.716892835	-1.422666368	0.706787493	263.8349302
1.962404869	0.317033335	0.455384218	0.049405169	0.198955163	-0.120872515	-3.311709729	6.258706058	1.566232373	0.357940811	-0.891433174	0.504163134	-0.458471492	9.820305542	-1.096958757	-0.648649987	0.617501715	-0.496744791	0.41912959	-0.182207777	-0.263794802	-20.59541323	-4.502864108	-2.095495517	1.59277466	-1.630696157	0.743892576	262.889519
2.136710016	0.416325411	0.478589042	0.066104011	0.288561913	-0.236610387	-3.181908315	6.580224017	1.684014852	0.518894151	-0.756222095	0.9682313	-0.937935282	10.14139151	-1.439383178	-0.509880396	0.622013545	-0.48487737	0.409362122	-0.270637816	-0.688387383	-21.51927761	-5.361714551	-2.116117271	1.595453384	-2.029605755	1.397254053	262.0670482
2.311096252	0.502736843	0.418198924	0.080337557	0.296763699	-0.17552565	-3.089383105	6.793733744	1.914942021	0.395291552	-0.694103765	1.03734966	-0.660342893	10.04482328	-1.844471653	-0.692865502	0.407467389	-0.460718713	0.377670434	-0.22370668	-1.157421339	-22.37182837	-5.896511095	-1.611891119	1.539883906	-2.028362756	1.07892766	261.3629017
2.434345933	0.524142592	0.333313524	0.056752281	0.217662062	-0.289200837	-2.834729262	6.600724223	1.728869875	0.023402713	-0.825296895	0.703210973	-1.081034605	10.5574857	-2.274677279	-0.800458468	0.322410963	-0.462907207	0.2939499	-0.369460466	-1.595376645	-22.98307051	-6.100843969	-1.09484551	1.636703655	-1.560243345	1.780332289	259.8246613
2.551625741	0.596245106	0.33913172	0.035289189	0.18294271	-0.189139847	-2.82470879	6.638700468	1.848844754	0.118049129	-1.002971683	0.648040453	-0.695711887	10.11264823	-2.616084805	-1.115146164	0.301178326	-0.378298929	0.259365707	-0.249765106	-2.441652905	-23.38908229	-6.47261607	-1.03152574	1.723391923	-1.288322036	1.19925936	259.8710498
2.71275047	0.612867845	0.332609566	-0.024118828	0.100291353	0.005919598	-2.86663976	7.005809526	1.800948103	0.104981459	-1.289836452	0.326398547	0.080587886	9.314563346	-2.964451051	-1.405614597	0.217197059	-0.415664961	0.164376	-0.010072388	-3.013665461	-23.98535609	-6.572092738	-0.93840682	2.056275945	-0.772185308	0.065683141	260.1698252
2.816705948	0.673638983	0.393598608	0.056832335	0.050075379	-0.139051734	-2.780929847	7.272095039	1.991009032	0.313524228	-1.037895272	0.070953478	-0.47023524	9.247491207	-3.451384495	-1.5951797	0.479500162	-0.295129367	0.117802198	-0.198147799	-3.227498898	-24.14539998	-6.927735716	-1.40856867	1.568584728	-0.521793912	0.964134873	259.8028868
2.920791853	0.741671124	0.486413075	0.013940842	0.060957404	-0.159836456	-2.588939978	7.840566171	2.259974254	0.77759415	-1.298049294	0.142209504	-0.552928051	9.641492991	-4.032296427	-1.793236245	0.755939489	-0.253751222	0.114012271	-0.236157986	-3.18809905	-24.01181237	-7.335007057	-2.057229093	1.750820705	-0.542338192	1.124108504	258.8394471
1.561290195	0.828848992	0.114654574	-0.123076345	-0.034915986	0.015332145	-3.29221493	2.782057244	2.5131108	-0.367003967	-1.855908202	-0.162085024	0.078849371	6.768515025	-5.638313023	-1.756790448	0.366374131	-0.394797708	0.038848503	-0.00397129	-4.042210516	-15.52658441	-8.006557545	0.004575869	2.506222383	0.025306137	0.048942645	263.1653528
0.788544603	0.007417479	0.323174938	0.364596497	0.16711355	-0.119386146	-4.528251821	1.688122496	0.137034296	0.762521173	1.184149043	0.544523146	-0.510615802	7.062325744	-0.169124233	-0.55327087	-0.195638843	-0.566425242	0.207622775	-0.162066723	-1.262988817	-12.89859557	-2.326871743	-0.966532813	-0.562449257	-1.220928597	0.629472295	272.6548169
0.57569054	-0.0096276	0.306990601	0.384302408	0.167710225	-0.13181879	-3.534386236	1.785245297	0.110588882	0.297131779	1.047779875	0.329490258	-0.405674285	10.88003116	-1.226141145	-0.379851271	-0.461839712	-0.704513251	0.384912498	-0.368775996	0.760610807	-11.17441371	-2.319120428	-1.063758748	-0.575875944	-1.471642025	0.890600512	266.665494
0.855912453	0.074059616	0.293954705	0.379048813	0.071125894	-0.12096773	-3.244947374	3.413124985	0.611023372	0.111079538	0.880955186	-0.016134074	-0.289545583	11.15428511	-1.353929463	-0.286642219	-0.549595147	-0.668145696	0.171028213	-0.334539475	2.247475484	-12.75726226	-2.863329254	-0.9545048	-0.423941731	-0.930108571	0.924198885	264.0087522
0.958386584	0.105159283	0.304735582	0.176549495	0.062194206	-0.103153269	-3.509679422	3.672210354	0.869713149	-0.134291884	-0.226399742	-0.102766381	-0.237090803	10.06277897	-1.294012182	-0.183438619	-0.303861647	-0.765300985	0.157354858	-0.299198266	1.451923864	-13.98213523	-3.204111039	-1.152960786	0.840949165	-0.933322304	0.766618608	265.8022586
2.042803085	0.133642135	0.717945882	0.110681669	0.245188206	0.073331566	-3.847174359	7.759651046	0.987366069	1.640828072	-0.770735983	0.852200144	0.333198164	7.996924374	0.287659508	-0.286180829	0.136542607	-0.378135255	0.340242845	-0.006235478	0.867197076	-20.95027169	-3.617055762	-3.306117131	1.170181684	-1.753784447	-0.423066992	267.263764
1.806026133	0.232220754	0.594575628	0.029714047	0.148416428	-0.101947578	-3.880383451	6.581217798	1.344311299	1.155952636	-1.01707604	0.303306957	-0.388866339	7.698902176	-0.363986498	-0.300359922	0.146959725	-0.55486005	0.370168969	-0.149722235	0.386994298	-19.7254291	-4.355992675	-2.556214224	1.828693906	-1.314548206	0.594415035	267.3962702
2.079897843	0.271366904	0.622439453	-0.032374602	0.231168102	-0.138577103	-3.773388679	7.211818159	1.349471466	1.186230164	-1.302083679	0.721025196	-0.59030016	8.002075504	-0.36814407	-0.396110285	0.357315976	-0.643032033	0.311841917	-0.218567027	-0.087002038	-21.52295776	-4.769752499	-2.795272686	2.238181241	-1.682822236	0.825824531	266.6954938
2.119208581	0.411770979	0.477442909	-0.002707109	0.219783725	-0.179075525	-3.536675521	7.067370277	1.752874831	0.579745809	-1.165201721	0.721878883	-0.674430169	8.752524277	-0.979194571	-0.315528423	0.368219281	-0.609272394	0.333584576	-0.303109185	-0.23808713	-21.5478002	-5.70269647	-2.053220512	2.050883365	-1.614414139	1.139052091	265.1417096
2.214911311	0.462923676	0.495770694	0.051530717	0.170112717	-0.1886657	-3.452746053	6.865122658	1.817501749	0.662431946	-0.97217689	0.487767874	-0.697129306	8.862942799	-1.293434747	-0.424854199	0.487200771	-0.554560811	0.319673051	-0.267930258	-0.857015164	-21.97357621	-6.050229016	-2.194419773	1.6750927	-1.335374113	1.192833381	264.5647995
2.211075763	0.514927923	0.443307007	0.056255441	0.218083411	-0.291444766	-3.24619351	6.096361552	1.880846267	0.461117934	-0.972098187	0.776539418	-1.140306848	9.304284835	-1.704462774	-0.507962576	0.493491008	-0.5413079	0.260619998	-0.363284031	-1.27337326	-21.88617362	-6.413572041	-1.912368268	1.619624299	-1.535472552	1.800970047	263.2781496
2.354793564	0.57488868	0.300697635	0.071919953	0.162762485	-0.119447436	-3.331361899	6.386954633	2.01076222	-0.093103376	-0.952290124	0.543918222	-0.486070048	8.360896791	-2.1876121	-0.732638547	0.331021957	-0.546615138	0.174137551	-0.155884946	-1.904996386	-22.33424139	-6.730918798	-1.046401392	1.546705305	-1.168038348	0.757603151	263.6724103
2.491499657	0.634323746	0.450094526	0.067311505	0.105033338	-0.08440382	-3.28058369	6.606308787	2.182027471	0.588014511	-1.156761396	0.311509204	-0.284197019	7.986833948	-2.416055518	-1.15560859	0.406747955	-0.356093369	0.234926775	-0.157061041	-2.326586862	-22.84165778	-7.000346205	-1.855688673	1.437456577	-0.850382333	0.631933248	263.3986784
2.252035858	0.699319402	0.452213956	0.093834124	0.030928601	-0.139911252	-3.231872987	5.720841389	2.378121241	0.620829471	-1.070267299	-0.021892036	-0.472297015	7.918667812	-3.383317166	-1.379154726	0.425332678	-0.337569183	0.139794019	-0.177178925	-2.57307452	-20.85635338	-7.390020662	-1.943520958	1.294542584	-0.469012026	1.01094292	263.3411153
1.864685579	0.852286894	0.434587663	0.099031256	0.067015893	-0.008072684	-3.273305154	4.441262526	2.910641439	0.838128061	-1.021116535	0.232719698	0.000750867	7.3559873	-4.386242957	-1.463250017	0.346445336	-0.366256831	0.118816037	-0.026195285	-2.651790185	-17.87081972	-8.338912173	-1.77009056	1.3004384	-0.545556876	0.174551981	263.6452008
1.285678729	0.918738477	0.33543796	-0.047098349	-0.032193494	-0.064244863	-3.938928749	2.448726307	3.111363738	0.745393763	-1.67542542	-0.116474453	-0.230517767	4.613425316	-5.130623048	-1.564157032	0.158680242	-0.471541373	-0.040274296	-0.105470566	-3.439820707	-13.97184677	-8.881045982	-1.244105945	2.038380741	0.077317193	0.53174111	267.8171078
0.565875555	0.119309713	0.005990141	0.194761695	0.193143726	-0.086267562	-4.092879603	1.747366449	0.86718183	-0.88254808	0.069058143	0.596144901	-0.188856454	8.84405454	-1.716793341	-0.570460225	-0.435329528	0.076410822	0.316926262	-0.3815468	0.784773341	-10.97831597	-3.141613031	0.655524393	0.002466533	-1.501183373	0.632064603	271.3681432
0.842094233	0.203044998	0.253138245	0.062787055	0.048050942	-0.018526753	-3.51448681	3.46785103	1.375718223	-0.234833162	-0.854821335	-0.363114202	0.185425759	9.85124352	-1.025714671	-0.212543996	-0.317749997	-0.233997994	0.41318485	-0.187499486	3.005794732	-12.82930547	-3.764457343	-0.941939766	0.816009944	-1.035570837	0.287994843	266.8042718
2.021962865	0.379083768	0.58918613	-0.039852212	0.181344898	0.066238313	-4.203464557	8.22162501	2.138705729	1.076507256	-1.309531522	0.395398606	0.253875171	7.311437102	0.873847067	0.28005665	0.13414096	-0.435291459	0.419641067	0.064730977	1.591420907	-20.47435123	-5.070001186	-2.840889861	1.745774487	-1.529590939	-0.464216911	271.2990776
2.157309386	0.394554265	0.61199728	-0.106549438	0.204376787	-0.017904607	-4.183398602	8.967687977	2.332947291	1.09914934	-1.832277638	0.622936916	-0.231788809	6.840968698	0.930209389	0.279359879	0.250352189	-0.304519525	0.268004931	0.070417969	1.554293414	-21.46457804	-5.327538046	-2.918503805	2.14906891	-1.556994258	-0.050141725	270.8414266
2.069780382	0.225739286	0.574428519	-0.063909193	0.265795567	-0.07690433	-4.257687754	8.838377234	1.693686913	1.039604662	-1.694080331	0.919739663	-0.351632354	6.161509114	0.466065969	-0.095770805	0.168246454	-0.114897654	0.354462561	-0.208142248	1.208462571	-20.92595002	-4.47536957	-2.518639798	1.987474926	-1.891112146	0.44691669	271.0697224
1.552545652	0.20107141	0.456771116	0.000521291	0.104670076	-0.072788636	-4.116830003	6.766081522	1.470778754	0.619642341	-1.170639945	0.192807907	-0.31728938	6.713127667	-0.754977254	-0.266961711	0.079549094	-0.167150835	0.219775672	-0.138839323	0.963258684	-17.76939562	-4.512912642	-1.845088348	1.873491361	-1.009864625	0.437745801	270.2450784
2.111094854	0.248287415	0.53819905	0.035255134	0.237409764	-0.100105458	-3.949348397	8.360633846	1.346644938	1.00240915	-0.990118179	0.876535833	-0.412889609	7.217001037	-0.130934123	-0.113968236	0.037797791	-0.279009571	0.287250442	-0.238258548	0.998651964	-21.42258044	-5.143063993	-2.303460227	1.729736241	-1.649791069	0.6181338	269.0481975
1.970324008	0.304886051	0.630740853	-0.012971635	0.198682155	-0.105597448	-3.935314772	7.066363949	1.464090665	1.380305688	-1.279005922	0.666495903	-0.378003512	7.169704033	-0.470623789	-0.272300084	0.372586512	-0.399468709	0.380634284	-0.214123826	0.242364667	-20.79355989	-5.51230238	-3.029981341	1.8974959	-1.505218467	0.714759101	268.8594182
2.046451114	0.322398057	0.673309951	0.105703074	0.238408003	-0.188563964	-3.994180062	6.78281429	1.45038259	1.542167962	-0.82328656	0.732810713	-0.717478149	6.804643596	-0.637629305	-0.354275883	0.388622984	-0.359959465	0.420576008	-0.255885569	-0.575696234	-21.1604199	-5.608173662	-3.338532611	1.153905349	-1.791143621	1.209189701	269.1379428
2.001505492	0.375960604	0.62075108	0.232508936	0.129414056	-0.241672012	-4.002124097	6.235905069	1.707573489	1.36201763	-0.431636351	0.380382576	-0.96110484	6.415392663	-1.232578106	-0.529489938	0.479397321	-0.135756964	0.157119462	-0.310004007	-1.101955919	-20.53024662	-5.811491188	-3.144632705	0.269036103	-1.077997098	1.53254963	268.9705116
2.033641175	0.476137604	0.508378893	0.20629606	0.140035625	-0.058226017	-3.957253015	5.966225266	2.013766066	0.959866882	-0.517171028	0.498670988	-0.190778483	5.842951748	-1.651569551	-0.670629363	0.428980198	-0.129404424	0.204031108	-0.137520919	-1.297764119	-20.38976183	-6.436438167	-2.449332931	0.461052071	-1.018710922	0.448224825	268.3254265
2.02025367	0.539068993	0.634981031	0.137914906	0.149131307	-0.153879087	-3.936027631	5.587205944	2.106628247	1.549869824	-0.827182786	0.54343952	-0.551486587	5.442916614	-2.117017361	-0.870997447	0.630638141	-0.123645838	0.241092797	-0.269365588	-1.584275696	-20.02279938	-6.895293051	-3.194542025	0.82322694	-1.084683667	1.055798475	268.1533226
1.171533775	0.665195375	0.230859491	0.123523564	0.003054972	0.086103042	-4.25485706	2.444431482	2.53328765	0.177214186	-0.959468531	-0.11162176	0.414787741	4.110143971	-3.729833766	-1.07313795	-0.100046356	-0.138649553	0.130381495	0.015194524	-2.427942338	-14.42074506	-7.667794751	-0.709746505	0.876541349	-0.284730908	-0.364648205	270.4079384
1.324525424	0.926195677	0.486705328	0.060720531	0.030896647	0.069798746	-4.118536045	3.171559536	3.705750464	1.537465257	-1.265180213	0.069938255	0.357777343	4.251783394	-3.865727573	-1.169598746	-0.118247943	-0.232567078	0.109880141	-0.063422118	-2.257431895	-14.80207782	-9.120241435	-2.052250597	1.210294536	-0.33895066	-0.179248698	269.6833431
1.170106178	0.918628675	0.442571834	-0.044372607	-0.04252619	-0.04421022	-4.49208421	2.762400453	3.544153026	1.494016472	-1.601145641	-0.236779425	-0.21526324	2.718116268	-4.187649026	-1.486840461	-0.414008473	-0.567810432	0.123928536	-0.025752654	-2.519227822	-13.361542	-9.190162533	-1.824052468	1.852525368	0.042510531	0.412293159	272.1586271
0.696051994	0.145997366	0.055655396	-0.012595344	0.284895013	-0.084649653	-4.977260535	1.860354473	0.782146992	-0.770669354	-0.529635327	0.775353505	-0.326220264	5.349164415	-1.448082841	-0.695753068	0.262079501	0.371358327	0.635072989	-0.139003299	0.232040154	-11.99421999	-3.444126315	0.137685961	0.97247664	-2.159053531	0.441743003	277.8483867
0.984522627	0.350428629	0.050502953	-0.221423836	-0.044579301	0.132207698	-3.960808494	4.641766014	2.073514973	-1.142976512	-2.031176023	-0.820472233	0.927958684	6.382442109	-1.793069338	-0.614348447	-0.238864117	0.215884555	0.04727829	0.01219096	5.06642797	-13.15174992	-4.752082232	0.178578516	2.217512529	-0.549017923	-0.580697229	269.0719995
2.052924056	0.506224818	0.554320608	-0.159115111	0.066016788	0.019287074	-4.87255788	9.374650497	3.430098315	0.889123388	-2.169132181	-0.070387454	0.141964169	3.540285133	0.55232943	-0.274568176	0.244083607	0.204144252	0.222755255	0.040384009	2.062358113	-20.15919768	-5.544566295	-2.646953551	1.996093784	-0.831373677	-0.12259347	275.983525
1.309843786	0.416749358	0.24658226	-0.161755334	0.074128298	-0.062436266	-4.637744684	6.776864315	3.213357292	-0.320056656	-2.156024214	0.041027167	-0.322261758	4.006537884	-0.763143363	-0.345573764	-0.055297549	0.246854376	-0.108936256	0.092262991	2.211794363	-15.72793638	-5.224949319	-0.760036057	2.255950141	-0.762084333	0.283533849	274.3770014
1.000429628	0.36203178	0.247961319	-0.081827479	0.15903094	0.01944821	-4.207488761	5.620276411	2.892416334	-0.239835318	-1.505801768	0.435550552	0.392210328	4.708018405	-1.481425881	-0.202155542	-0.313989361	0.089111046	-0.121335463	-0.208509097	4.228807455	-13.98939058	-5.224492762	-0.73052211	2.112775691	-1.349912711	0.189083148	270.7574021
0.927666848	0.271774163	0.42382279	-0.008464767	0.067598878	0.042250361	-4.176827821	4.754527926	2.336982709	0.816032055	-0.979402512	-0.272085637	0.334814912	5.190779845	-1.517382768	-0.294089546	-0.156582163	0.044351844	0.361615345	-0.14043123	3.217823618	-13.9314288	-4.965226464	-1.600933828	1.793302155	-1.114740509	-0.076232503	271.0028728
1.045151674	0.192182239	0.392750063	0.059609155	0.077137981	0.065368915	-3.794314252	5.321364567	1.668086754	0.494915608	-0.958997235	0.007443937	0.752330173	7.289438789	-2.072107032	-0.063166254	-0.414415217	0.158277588	-0.08915208	-0.348159621	3.546928287	-14.23857241	-4.857164868	-1.686964527	1.015924004	-0.949865552	0.117521815	269.1513463
1.753579343	0.268476131	0.579847074	0.138367999	0.241767329	-0.110867746	-4.342323708	6.854361099	1.665963368	1.452734973	-0.490486987	0.807769779	-0.322754503	5.318884615	-0.105612187	-0.03729909	-0.161076277	0.168828777	0.455468769	-0.317267273	1.113155466	-19.29966977	-5.576310959	-2.804940278	0.639144913	-1.794526737	0.834886845	272.6958032
1.751448734	0.28394607	0.607409158	0.131247514	0.22611247	-0.235839055	-4.412317966	6.35184288	1.679525456	1.538840371	-0.554010201	0.729795462	-1.00738322	4.806560139	-0.416727558	-0.368052906	0.15166909	-0.019833228	0.38899338	-0.271359339	0.272433686	-19.07870352	-5.536882567	-3.098394435	0.592903212	-1.7038002	1.453486855	272.8698862
1.672031131	0.2315533	0.615944323	0.297520809	0.170531145	-0.138539857	-4.629666907	5.668804513	1.471037512	1.70965013	0.078808362	0.662895158	-0.657477079	3.483685665	-0.942757889	-0.702375083	0.247474089	0.151708079	0.133751095	-0.109712155	-0.477170871	-18.24098619	-5.11886039	-3.13819436	-0.432981599	-1.217808373	0.790651397	273.7777546
1.669359822	0.467730578	0.658047406	0.270619424	0.175901044	0.026196016	-4.678296109	5.252588789	2.334822126	1.9245159	-0.125020428	0.759880304	0.163815224	2.611691602	-1.158731566	-0.633558693	0.49081039	0.237429193	0.200675837	-0.005849165	-0.703156119	-18.07937235	-6.612576298	-3.37915124	-0.275108983	-1.163442343	-0.064828036	273.6235296
1.372922429	0.459055728	0.607595444	0.187524479	0.087292004	0.057572502	-4.576922685	3.665657202	2.101306919	1.89867144	-0.451047606	0.362787981	0.32070959	2.663395634	-1.704579767	-0.890762657	0.337000598	0.226865959	0.110397143	-0.059794155	-0.748975253	-16.13531408	-6.714794184	-3.003683199	0.191202924	-0.66884482	-0.17966702	272.9072357
0.747509052	0.463670264	0.347788148	0.1436842	0.042021287	0.05490933	-5.023698495	1.331857136	2.155693203	0.995737496	-0.701547358	0.080445609	0.214303543	0.850006686	-2.897594903	-1.240254153	-0.133584486	0.282587621	0.184787657	0.048487226	-1.673365851	-11.93653876	-6.724515757	-1.48794095	0.342292123	-0.470964545	-0.219443925	275.9048269
0.776428895	0.693037867	0.390347997	0.064793856	0.0540539	0.059693554	-5.089246287	1.695088063	3.050290279	1.468865371	-1.022834742	0.233560102	0.289335491	0.435140174	-3.157816917	-1.257156765	-0.506592009	0.029264121	-0.001236663	-0.025540007	-1.7891548	-11.46612617	-8.109605277	-1.549853028	0.795068697	-0.385929183	-0.148666085	276.5810961
1.04565759	0.578407969	0.39877925	0.104578073	-0.070026824	-0.153988812	-4.918379258	2.965159571	2.395318352	1.405385207	-0.824417108	-0.386306242	-0.543238467	1.423939443	-2.90728083	-1.541606556	-0.632034407	0.001284225	0.060136094	-0.285977575	-1.363246978	-12.58881662	-7.524816353	-1.770178742	0.4748542	0.187602455	1.190631218	276.0533833
0.705960449	0.405877096	-0.14903682	-0.068583329	0.143934172	-0.025069753	-4.27191341	2.651894829	1.871507107	-1.735711255	-1.145907673	0.272088744	0.169507287	8.14986359	-3.151863458	-0.864858032	-0.035922158	0.645300339	0.195785711	-0.38610862	3.014675901	-10.72989276	-4.849487004	1.20310999	0.761146971	-1.308958575	0.30955163	274.6727519
0.767308344	0.348116223	-0.018653223	-0.133677052	-0.079776226	0.067746232	-3.9300743	4.096299861	2.028695095	-1.456615564	-1.779549644	-0.859748281	0.399740937	7.234896675	-1.949311739	-0.554879186	-0.390978866	0.277236049	0.239177491	-0.193959325	4.526871676	-11.91358401	-5.130370197	0.741457013	1.65714927	-0.344509966	-0.262297282	271.4650931
0.892596158	0.427086326	0.067547178	-0.041139551	-0.023573052	0.150986448	-4.618879054	5.126762171	2.864695425	-1.01603085	-1.16786079	-0.698134483	1.2317933	2.026405195	-1.824962057	-0.455162744	-0.559525374	0.282196563	-0.304769095	0.171116563	5.863668573	-12.85445071	-5.541982066	0.393453856	1.547448179	-0.72606502	-0.520902843	273.469485
0.721417406	0.334238025	0.224294948	0.012403705	0.102017653	0.177822574	-4.770807264	4.35458339	2.633111019	-0.245242609	-0.843252563	-0.022767635	1.349947667	1.118321336	-1.820826211	-0.454928609	-0.550407693	0.211621799	-0.196902977	0.04144592	5.581302473	-12.40271408	-5.141499028	-0.515594504	1.491303705	-1.301745702	-0.586571929	274.4446596
0.492687437	0.234210517	0.32855306	0.046539976	0.007051064	0.247050346	-4.801208859	3.001720794	2.12135452	0.145754076	-0.641358355	-0.541303661	1.745195806	0.861126935	-1.844057166	-0.446755001	-0.613921521	0.17800893	-0.128704962	0.024960796	5.478831718	-11.53615863	-4.861455007	-1.284210166	1.297116258	-0.857336944	-0.871448795	274.6563859
0.474330234	0.259449166	0.449765099	0.014021053	0.025710436	0.172748844	-4.715876081	2.908366594	2.257320197	0.941833648	-0.827370463	-0.34678354	1.386571664	1.484936746	-1.723800935	-0.396930387	-0.627286228	0.241257718	0.023184914	-0.075915229	5.192462513	-11.21266353	-5.109969999	-1.93742844	1.177163147	-0.868975457	-0.434203205	274.3477679
0.504882721	0.287228565	0.468373195	0.08352821	-0.007285134	0.123109393	-4.384166715	3.081336387	2.440881213	1.20601086	-0.444463883	-0.500465041	1.209084531	3.934775062	-1.744926357	-0.435523246	-0.535187898	0.201050501	-0.052432589	-0.222225067	4.486468118	-10.91772148	-5.259651935	-2.035726797	0.60998213	-0.599548427	-0.066149694	273.4159683
1.25959301	0.409916167	0.376514548	0.153599932	0.209098779	-0.181982798	-4.530518948	5.363052032	2.940129621	0.784664953	-0.001735072	0.508897979	-0.355243412	4.231941097	-0.266262392	-0.441628876	-0.656403515	0.11098758	0.418961154	-0.651700737	2.413110884	-15.64485188	-5.90029721	-1.632501663	0.171672701	-1.733919186	1.504256822	275.2140821
1.449198987	0.425819788	0.48140731	0.210573571	0.134226163	-0.069766968	-4.858682082	5.43642274	2.74899413	1.281311255	0.284671856	0.312345226	-0.347015784	2.459034241	0.162511383	-0.526012416	-0.258184304	-0.0116191	0.254728733	-0.040079819	1.319008917	-16.84529519	-6.094000074	-2.369288424	-0.20648725	-1.158457235	0.435126777	276.5856506
1.478283292	0.31317378	0.577310417	0.226772893	0.150260388	-0.145281014	-5.074324878	5.197455099	2.20183583	1.789259515	0.223003052	0.628172259	-0.712000415	1.121309392	-0.153891459	-0.945825177	0.033311327	0.063341317	0.136444886	-0.136076458	0.635794156	-16.73081413	-5.433320211	-2.93861329	-0.358452312	-1.0518649	0.841015711	277.4411975
1.288995976	0.476276797	0.700156255	0.348858485	0.178359828	0.019889372	-5.017664155	3.956229858	2.605090386	2.395674814	0.691650316	0.801234207	0.152839	0.908514298	-0.415291133	-0.777220877	0.14863561	0.20503056	0.229413596	-0.045707201	0.422269404	-15.52253796	-6.597433693	-3.56292019	-1.00265661	-1.190092052	-0.007332707	276.814022
1.002860713	0.52337301	0.556532957	0.353756064	0.024881095	0.112650201	-5.074483801	2.626159525	2.488930442	2.002242839	0.763028701	0.07573323	0.56673066	0.360384974	-1.023835983	-0.825705493	-0.071524961	0.391202147	0.102445931	0.060905883	0.300271105	-13.46464097	-7.121631929	-2.608980463	-1.049008019	-0.335715952	-0.504510812	277.0096584
0.521092111	0.364504211	0.424050137	0.258859263	0.026919656	0.002585941	-5.596357389	0.668477741	1.803383789	1.399662911	0.232280003	-0.00917224	-0.015354335	-1.826204349	-1.722164009	-1.188875452	-0.268876837	0.520687837	0.121686445	0.021363799	-0.497428542	-10.32379816	-6.300598172	-1.99191127	-0.683995845	-0.359177899	0.081683601	280.3286243
0.559618674	0.306550352	0.301054305	0.20868594	0.059877959	-0.077974064	-5.676534944	0.983904395	1.373079422	0.937155438	0.03536836	0.151227478	-0.269369779	-2.030507042	-1.829520874	-1.265047884	-0.563063844	0.305909159	0.176044745	-0.161629641	-0.545494058	-10.01901925	-6.098653367	-1.297146398	-0.422977459	-0.546413268	0.67997686	281.1967651
0.081132471	0.199978346	-0.000514792	0.272626084	-0.037722786	-0.059697221	-5.715494142	-0.700517481	0.799798298	-0.394269726	0.369911754	-0.222750865	-0.289203092	-1.705828482	-2.649866247	-1.578718352	-0.952283083	0.356419212	-0.041277854	-0.087945437	-0.605517772	-6.530348166	-5.401730403	0.249631066	-0.964071032	0.057256509	0.489953716	281.9413541
0.626677389	0.315416887	-0.162788455	0.091914885	0.213706471	-0.085821184	-5.373936952	2.952831495	1.504823884	-2.051971657	-0.679491835	0.658208435	-0.243180396	4.728910344	-3.261127264	-0.663686926	0.024465167	0.686968484	0.446852223	-0.394718954	0.609657963	-9.722613881	-4.495011376	1.222318777	-0.232403023	-1.694980385	0.53468443	283.7708108
0.135013658	0.279877361	-0.023426891	-0.006613331	0.192175699	0.00074345	-5.98252695	1.906363239	2.18432303	-1.839556181	-1.545879514	0.610772787	-0.069462768	1.231884077	-3.328340204	-1.142109854	0.4356385	0.914388764	0.505853864	-0.14593498	-0.473605088	-7.181500236	-4.10754569	0.212396899	0.361100357	-1.574026405	-0.016259561	287.2452355
0.696623724	0.376156104	0.002470149	0.045223907	-0.082045581	0.057107467	-4.346216747	3.988226321	2.260904384	-1.276287628	-0.887864534	-1.06071202	0.473104016	3.891934063	-2.14429581	-0.860010162	-0.583857917	0.071992352	-0.241944128	0.004938216	6.155473749	-11.42217642	-5.394294886	0.739380127	0.855156759	-0.506345477	-0.254374544	273.8443275
0.53528608	0.19949784	0.256883454	0.134845828	0.132909843	0.093023672	-4.84280287	3.321689906	1.481225507	0.045564965	-0.10875322	0.335965586	0.712618756	1.102399587	-2.211495848	-0.984591977	-0.595075322	0.122108994	-0.195683485	0.013165257	5.944666875	-10.99403218	-4.573681392	-0.598650568	0.638712804	-1.2070582	-0.399399286	276.4001558
0.334005965	0.192829233	0.371225428	0.095329797	0.013721421	0.1837818	-4.944574562	2.231165444	1.479423509	0.472307284	-0.372100905	-0.413047741	1.297607751	0.506398025	-2.142199978	-1.014080055	-0.744847121	0.084473277	-0.073490838	0.007316205	5.85971946	-10.07785247	-4.554158919	-1.439670062	0.528833812	-0.77701028	-0.64822096	277.0255652
0.264203478	0.2112694	0.422331363	0.033031117	-0.021928027	0.210199012	-4.859552262	2.315558113	1.777151949	0.907844964	-0.549555237	-0.557550542	1.616628488	1.046875126	-1.852611768	-0.882448899	-0.867398698	0.056479222	-0.08442504	0.069638048	5.726867224	-9.123182907	-4.729913771	-1.760626714	0.669443889	-0.596451857	-0.609459865	276.8605733
0.33039377	0.253254307	0.381725388	0.052100726	-0.05893581	0.243980071	-4.638610703	2.785286801	2.106499579	1.012847854	-0.379530592	-0.843400878	1.920888675	2.660247394	-1.419790995	-0.672183723	-0.696263785	0.085480177	-0.113226437	-0.066598215	5.512985918	-8.868873879	-4.901330804	-1.451601054	0.341162197	-0.458744489	-0.659365268	276.2008788
1.13215468	0.42965975	0.325583484	0.112448838	0.074745232	-0.035610001	-4.916460966	5.013474682	2.972337697	0.711661899	0.217423515	0.169285378	0.173707516	1.929807075	0.834393048	-0.525260179	-0.562774471	-0.261701371	0.168167712	-0.368176992	3.868659338	-14.20755313	-5.717196854	-1.361329549	0.11625319	-0.769587697	0.496489901	278.2736227
1.148755483	0.465024383	0.309305166	0.115963739	0.040349213	-0.121083141	-5.096736508	4.42120989	3.032308644	0.721220735	0.187140742	-0.052445434	-0.508508615	1.154724335	0.86723755	-0.894576741	-0.380275264	-0.089376381	0.151437789	-0.075431467	2.615602568	-14.35760754	-5.890931397	-1.389521438	-0.086780984	-0.598066093	0.763390032	279.1127102
1.233939992	0.42039208	0.533318416	0.1877369	0.139275848	-0.124146886	-5.273255975	4.279829279	2.663609368	1.709515637	0.428455438	0.578622376	-0.581929072	-0.037939742	0.720692841	-1.014223004	0.054092391	0.047264887	0.145794512	-0.106244805	2.056127531	-14.74349538	-5.763306398	-2.704851778	-0.520367155	-0.989871796	0.747704492	279.6780219
1.043670944	0.438933325	0.52038578	0.265501412	0.224328369	-0.035646171	-5.344141279	3.116381071	2.361830725	1.628796846	0.704554628	0.985195956	-0.057113113	-0.577533014	0.430071611	-0.951004201	0.001118457	0.043673297	0.258684149	-0.060726666	1.70258359	-13.4810204	-6.113969213	-2.598901217	-0.936543952	-1.448054795	0.320004154	279.9350892
0.526225572	0.521719478	0.286125243	0.282379765	0.041984138	0.08831999	-5.460108535	0.917312532	2.403352752	0.819610936	0.8129322	0.177442114	0.489978414	-1.351749414	-0.558617781	-0.880180071	-0.27430279	0.20226337	0.054547849	0.029984246	1.614491448	-9.968778371	-6.8642192	-1.14635473	-1.030305817	-0.368012441	-0.358628268	280.5056922
0.262193388	0.310187198	0.205406042	0.340710399	0.052742769	-0.004387952	-5.910224126	-0.179546481	1.430191266	0.267661876	1.022580453	0.144325301	0.0685297	-3.115445962	-0.748070014	-1.185121119	-0.130037175	0.333050006	0.127656435	-0.052591064	0.816466206	-8.096991293	-5.714930612	-0.939105859	-1.397226861	-0.465758595	0.219293343	283.4856243
-0.050578671	0.150136507	-0.018576443	0.358726743	-0.033585804	0.037040969	-6.162650122	-1.390699551	0.502116383	-0.726379232	1.171475264	-0.21787114	0.094401773	-3.963220576	-1.326323322	-1.291865971	-0.363385414	0.424539144	0.056099016	0.079905404	0.578693088	-5.671846379	-4.876495857	0.249221205	-1.597095412	0.03935742	-0.109968193	285.216431
-0.240060271	0.121066911	-0.202783278	0.225679491	0.020418401	-0.033162575	-6.105657545	-2.024064938	0.216860588	-1.502152531	0.53017434	0.149466354	-0.197213381	-3.306800224	-1.637075625	-1.188807737	-0.660925731	0.170092691	-0.033757225	-0.066932246	0.613157117	-3.883579394	-4.699711473	1.218999358	-0.991050771	-0.164139817	0.335354079	285.2781182
0.360979856	0.33493707	-0.252341924	0.135676778	0.049318809	-0.111039906	-5.964453711	1.931629557	1.792077533	-2.384058702	-0.58345382	0.173878183	-0.32907528	1.769868939	-2.921481356	-0.467572846	-0.324390861	0.403197291	-0.085558188	-0.378156309	-0.007114861	-7.86471282	-4.372835527	1.795879119	-0.432189513	-0.535431985	0.64222287	288.0377141
-0.123782268	0.44598467	-0.104779372	0.014320409	0.148540631	0.01116818	-6.280577671	0.512092925	2.976764709	-2.285950878	-1.724639624	0.460744051	-0.015095626	-0.180434646	-3.234221145	-0.848254122	0.357271738	0.707644245	0.322840759	0.085939747	-0.628298511	-5.270414869	-4.741295943	0.510104936	-0.02420505	-1.259464998	-0.167335443	289.8767654
0.446029823	0.425664936	-0.409341977	-0.182615417	-0.066724404	-0.061005238	-4.850542129	4.443838554	3.06550072	-3.408207456	-2.408541701	-0.578064859	-0.112381985	4.501334511	-3.072732141	-1.239340355	-0.963426495	-0.275328664	-0.021631502	-0.243508797	2.600706086	-7.843857041	-4.66838752	2.744770917	1.482242933	-0.168408057	0.433762729	280.8876481
0.519758695	0.198868836	0.07003638	0.132582956	0.134071481	0.021858329	-4.808965009	3.669846682	1.515948849	-0.991241473	-0.26839704	0.353630053	0.329897531	1.23376286	-1.836101208	-0.959383663	-0.966151947	-0.32330701	-0.512111241	0.054293405	6.50859249	-9.721838501	-4.05974055	0.345998907	0.293894819	-1.257062942	-0.027880241	277.3279379
0.375760048	0.087808726	0.265617145	0.089263394	0.078820426	0.128234377	-4.895101585	3.180438324	0.831154054	0.120102196	-0.478961521	0.139421768	0.942320543	1.021488895	-1.610962116	-1.154124408	-1.046632595	-0.492621604	-0.302668257	0.090720876	6.563370396	-8.832602612	-3.612962456	-0.756365417	0.19729796	-0.939165194	-0.507249456	278.2813331
0.559017757	0.299400116	0.327442957	0.114567482	0.020721102	0.213572679	-4.870662627	4.345709743	2.183243595	0.852460734	-0.042458365	-0.305624891	1.612765177	1.464903055	-0.792108324	-0.815420844	-0.616581848	-0.157678938	-0.093340056	-0.09101338	5.98844758	-9.232908092	-4.51051454	-1.070577045	0.006315793	-0.78128993	-0.694753409	278.7445622
0.443062117	0.260050699	0.225435375	0.050960653	-0.096968691	0.185762033	-4.620366257	3.820014265	2.037504991	0.310980298	-0.292321923	-0.954160785	1.466727046	2.979213537	-0.953307427	-0.800980006	-0.532980424	-0.141475253	-0.352393728	0.12605752	6.11863661	-8.232019216	-4.303719432	-0.754725009	0.087374037	-0.138735549	-0.533418053	277.6526707
1.443701657	0.391519326	0.287021808	-0.040139921	0.195411648	0.086873556	-4.793566642	6.469558152	2.445865473	0.655138685	-0.336683031	0.697280737	0.651522963	2.307938577	1.889489275	-0.580648425	-0.083432495	-0.401694914	0.308922572	-0.142882734	4.856826043	-15.15698599	-5.116128712	-1.40589861	0.622087036	-1.426745887	-0.341794916	278.6685825
1.376354595	0.489164883	0.280713463	0.045775914	0.03915943	-0.108660523	-4.804393818	5.613782918	2.795486923	0.672639861	-0.031166039	-0.045073916	-0.404787831	2.275623426	1.671050463	-0.71029969	-0.062179319	-0.154050244	0.129352643	-0.141827326	4.122836175	-14.67539918	-5.703546794	-1.380417176	-0.037007249	-0.564638137	0.745850221	278.6481436
1.214030895	0.470514833	0.357671348	0.165204141	0.095734275	-0.114417512	-5.111155401	4.495660928	2.545108492	0.962827222	0.476064445	0.328803722	-0.528641291	0.651859701	1.324322494	-0.920625204	0.137713644	-0.044615684	0.102413278	-0.069179605	3.43746296	-13.57135938	-5.645704555	-1.808576533	-0.708384718	-0.758935854	0.688063119	280.1546401
0.951431495	0.456032373	0.191569746	0.257475858	0.149792664	-0.099037816	-5.35509349	3.009204263	2.128261641	0.190119753	0.911031208	0.6283186	-0.396942221	-0.510564792	1.001011247	-0.849794761	0.176347425	0.01435016	0.125882222	-0.107846875	2.8846705	-11.86636106	-5.779992369	-0.925899636	-1.263350088	-1.027884829	0.640799125	281.5198307
0.380560344	0.491594943	-0.005217921	0.239866648	0.060958858	0.013747951	-5.549993427	0.585745336	1.855569117	-0.558376801	0.791145728	0.302135771	0.108560872	-1.455772164	0.069637254	-0.657983413	0.057976776	0.1541855	0.057460992	-0.019883614	2.605973652	-8.020297884	-6.335175584	0.208089989	-1.232927839	-0.438620094	0.02504478	282.650093
-0.020747771	0.128445641	-0.042999994	0.175305581	-0.008101149	0.078363407	-6.029128482	-0.973898318	0.285628788	-0.913093754	0.506382208	-0.078112216	0.365726865	-3.341644046	-0.538408521	-1.139596572	0.22208712	0.118049377	0.003794152	0.061127975	1.824015567	-5.136775408	-4.191595692	0.281444337	-0.820846341	-0.063714552	-0.306151246	285.7460528
-0.217693133	0.077543646	-0.16250195	0.171019162	-0.028816965	-0.003997973	-6.161931457	-1.934703331	-0.132158431	-1.447448772	0.538576615	-0.154325574	-0.08035763	-3.7525446	-0.730755991	-1.011933595	0.120675962	0.00681287	0.027772138	0.076137259	1.754743337	-3.557307892	-3.912403899	0.943880637	-0.765071017	0.064415377	0.12498977	286.6086045
-0.327858243	0.061312422	-0.18697193	0.104080415	0.037071683	-0.000683971	-6.177984196	-2.437442709	-0.339893501	-1.610867374	0.104403511	0.230426247	-0.008328948	-3.473243271	-0.965390812	-0.905349778	0.183653144	0.054711329	-0.017131297	-0.015458584	1.831608602	-2.368219133	-3.777263233	0.990188729	-0.576124398	-0.272386547	0.130271598	286.9153114
-0.181846032	0.20837199	-0.226043969	0.176552172	0.103172525	0.033896615	-6.597567995	-0.543347184	1.417595456	-2.396110229	-0.854496116	0.204121518	0.137272526	-1.32147478	-2.264895825	-0.414025776	0.231558044	0.418968175	0.349281861	0.064211969	-1.126909654	-4.507765487	-3.390631403	1.224759378	-0.919763021	-1.012568486	-0.303120426	292.6644526
-0.346621142	0.301010727	-0.342682871	0.130644771	0.064456196	-0.141410428	-6.310385379	-0.200676877	2.561225604	-3.087906087	-1.353173086	0.207922266	-0.595486418	-0.812329634	-2.975772728	-0.968619938	-0.185040787	0.52078439	0.05962245	-0.270738523	-0.269475552	-3.135462584	-3.493081475	1.964880234	-0.766571533	-0.652280289	0.816838132	290.8148325
-0.268307199	0.06580366	-0.072204187	0.21235892	0.15018259	0.038612922	-6.484354985	0.647885095	1.891142869	-2.326656061	-1.125627305	0.452731227	0.195702232	-2.098202138	-2.894186577	-1.748010684	0.45662821	0.758685585	0.444622899	-0.051779033	-0.160676252	-3.616733577	-1.928986311	0.123876556	-1.351231911	-1.315159104	-0.222876579	291.7907411
0.654871895	0.149211024	-0.061866022	-0.139931344	0.077507242	-0.13902672	-5.608423594	5.898579049	2.200435936	-1.723755682	-2.134825358	0.105164227	-0.476685689	1.388416727	-2.235471755	-1.578684675	-0.247484934	-0.419841187	0.209302608	-0.302867937	1.521951211	-7.995189153	-2.55472742	0.539010843	1.011094913	-0.889381385	0.873361587	286.9138843
0.86337688	0.277102464	0.026000451	0.010206187	-0.05157142	0.005927326	-4.736577392	6.841111793	2.247732783	-0.629385302	-0.806134465	-0.505806872	0.410587442	3.637753937	-0.839793496	-0.431434027	-0.742184884	-0.518913785	-0.237864829	-0.154856043	4.974565279	-9.35491844	-3.763453467	0.390425065	0.341843533	-0.14973661	0.234401882	280.5875414
0.65479378	0.36156495	0.153731321	0.083385732	0.198400011	0.063114356	-5.64611117	5.558507826	2.397196492	-0.077076466	-0.397028647	0.636765869	0.462832379	-0.167957318	-0.686529173	-0.559035571	-0.02834183	0.081177706	0.374771113	-0.144932867	3.093014286	-8.389804175	-4.359533923	-0.614853665	-0.417645994	-1.57445622	-0.240580437	286.1737472
0.531541656	0.343296238	0.068898099	0.020368921	-0.101467926	0.038410292	-4.691299238	4.497289416	2.248314135	-0.29831442	-0.354051326	-1.030357718	0.644590396	3.373138794	-0.890671326	-0.831297979	-0.358027735	-0.005650642	0.064140928	-0.162489492	5.018480221	-7.390592572	-4.106921588	-0.030732573	-0.120898848	-0.173552235	0.185788552	280.1100309
1.427564607	0.529451929	0.195736567	-0.020107453	0.144627531	-0.24550321	-4.579596228	6.796732677	2.973186265	0.283007881	-0.22127802	0.244639962	-0.684130779	3.734914922	1.309087551	-0.523864274	-0.103951516	-0.230812342	0.318045251	-0.720899516	4.946894384	-13.59759291	-5.20651329	-0.961962692	0.186263458	-1.366502606	1.784566119	279.1301421
1.565235682	0.571281714	0.223450749	0.072133356	0.085276545	-0.097936663	-4.612310334	6.74095208	2.897265568	0.453631827	0.191647058	0.170794692	-0.394413276	3.218928572	1.868857929	-0.501764365	-0.01765057	-0.156819835	0.217306595	-0.137741569	4.754339275	-14.45542451	-5.602669337	-1.130718129	-0.419990522	-0.810036736	0.631593006	278.933781
1.242006803	0.391849144	0.173148404	0.127699544	0.09007865	-0.093829144	-5.058372356	5.000713497	1.838446672	0.222380033	0.504009645	0.314348617	-0.424224792	1.101325372	1.631444186	-0.713304622	0.152177076	-0.144502386	0.160307452	-0.039164373	4.081636265	-12.36635412	-4.750578224	-0.88957293	-0.768470308	-0.745336846	0.569986503	281.3965039
0.865089035	0.359517479	0.025899743	0.116353585	0.045701505	-0.165177361	-5.325600218	3.126948247	1.429173089	-0.341637103	0.486418827	0.171829033	-0.628016316	-0.064997672	1.191790504	-0.67428093	0.124332016	-0.201244474	0.066308051	-0.175628183	3.628578946	-9.970608881	-4.739073946	-0.048119633	-0.693550712	-0.430496235	1.064359857	282.9888589
0.355686166	0.157493174	0.015531516	0.096517445	0.013972466	0.003369497	-5.631842459	0.898433511	0.186605054	-0.333181032	0.275139096	0.100274291	0.039901789	-1.343037261	0.454558521	-0.868241528	0.170951956	-0.022898597	-0.049819991	0.068253301	3.306066874	-6.533107153	-3.713096935	0.059943087	-0.690814302	-0.159915504	0.042496946	284.7788126
0.063552729	-0.010933848	0.05895376	-0.02204781	-0.021564086	0.007204343	-5.910339802	-0.426090786	-0.654751878	-0.218647487	-0.312152601	-0.104239644	0.019554908	-2.451631602	0.252770901	-0.785410504	0.491969226	-0.127554239	-0.045394658	-0.01755011	2.867125658	-4.498175911	-2.809933554	-0.281637727	0.021079477	0.030297312	0.077496647	286.5341566
-0.096596679	-0.022269947	0.096117094	0.018152986	0.014944575	0.01075064	-6.103516073	-1.251895565	-0.816948787	-0.09497218	-0.169684519	0.091293369	0.053965351	-3.242559841	0.12388302	-0.54866656	0.668797955	-0.015309402	0.00397063	0.011076631	2.777221126	-3.232026841	-2.775754069	-0.508157975	-0.18633335	-0.173368857	0.05545835	287.5866303
-0.087860039	-0.070678725	0.044811467	-0.012274767	-0.00055306	-0.005503716	-6.234563563	-1.152961901	-1.083079107	-0.501216865	-0.536342109	0.019752446	-0.016146938	-3.529612204	-0.105709172	-0.528878925	0.732951369	0.16483621	-0.043081005	0.033750943	2.551743233	-2.7440332	-2.419980371	-0.269408719	-0.216941631	-0.065214252	0.151402125	288.5070051
-0.67203982	-0.153118507	-0.101889404	0.187055876	0.081231751	-0.054192537	-6.655641996	-2.280114184	0.161471793	-1.790362695	-1.282140109	0.107777687	-0.365217655	-2.253730971	-2.08108567	-0.936215405	0.505610731	0.603214181	0.240482805	0.087244764	-0.901085723	-0.939215283	-0.825272938	0.352641147	-1.332432622	-0.887101563	0.140348571	293.5173605
-0.497698953	0.06089344	-0.273719638	0.179061359	0.044761856	-0.084156674	-6.444053697	-0.477752424	1.826043639	-2.60182623	-1.29316508	0.039612852	-0.357475653	-1.846570544	-2.748907267	-1.034831883	0.069048031	0.40756332	0.044046406	-0.136185349	0.047228885	-1.306718188	-1.676344595	1.414310279	-1.133287968	-0.580025012	0.445851177	292.213943
-0.330062332	0.123535685	-0.198224504	0.313663949	0.098871833	-0.001283225	-6.420223083	0.486387086	2.34802188	-2.480371862	-0.483256573	0.290182635	0.032586912	-2.057896687	-2.586295615	-1.074282298	0.462323169	0.645655842	0.195168758	-0.06110449	0.279819535	-2.369289643	-1.917752392	0.728045443	-1.884449388	-0.949629986	0.007384986	292.1683108
-0.173901583	-0.151586309	-0.031070296	0.135410058	0.139278813	-0.04528098	-6.322207257	1.343578329	1.0605706	-1.636400499	-1.160034002	0.450329728	-0.207785058	-1.933071763	-2.32391025	-1.734592961	0.574076889	0.597186388	0.380623151	-0.069288789	0.651917718	-3.236645739	-0.283911455	-0.228162472	-1.026071933	-1.240463685	0.254465974	291.5544515
-0.004042988	-0.01946808	-0.065602771	0.07198337	0.101136411	-0.004611943	-5.951158841	2.806785673	1.281272225	-1.421298155	-0.793492889	0.265403266	-0.01127528	-0.794771662	-2.121521649	-1.211763847	-0.042243313	0.173831756	0.275697325	0.120928748	1.515728491	-3.639548863	-1.223624963	0.246348905	-0.56424488	-0.956314092	-0.01539006	289.3004103
0.283634153	0.193631904	-0.091375009	0.075574681	0.086389956	-0.046683538	-5.831074564	4.203396626	1.923026245	-1.208474274	-0.176233625	0.23965255	-0.121781143	-0.418735154	-1.525051922	-0.871885934	-0.20298557	0.005097426	0.238953877	-0.107358301	1.847931368	-4.934714744	-2.55947254	0.514481999	-0.510374189	-0.87084148	0.323656113	288.775925
0.511327503	0.345337629	0.033589858	0.091431794	0.159062519	-0.120345536	-5.410190904	4.486732423	2.341418249	-0.409370505	0.175084327	0.230939542	-0.229680445	1.057910783	-1.067990397	-0.950683996	-0.257408961	0.103417125	0.481025458	-0.314908709	3.102079994	-6.183615015	-3.448321442	-0.033869837	-0.649936084	-1.597295999	0.962307309	285.9902252
0.867382236	0.478461104	0.140634457	0.097895372	0.167607412	-0.239775888	-5.207151703	4.957930058	2.975588672	0.056534924	0.342154972	0.437023138	-0.780374241	1.564202038	0.163264358	-0.781120431	-0.18119704	0.107685407	0.306504192	-0.521545298	3.909214919	-8.809501517	-4.157321522	-0.693600196	-0.824746415	-1.478270116	1.640472974	284.2495599
1.201696799	0.482378218	0.167613328	0.118198246	0.136470636	-0.073231535	-4.986279354	5.720503287	2.486281405	0.218798661	0.445132597	0.427840911	-0.255890788	1.993322576	1.349506415	-0.444303999	0.050435258	-0.147712459	0.255073161	-0.138184596	4.45684817	-10.97491928	-4.540085354	-0.92318927	-0.911294008	-1.089453907	0.497684388	282.4064504
1.036371216	0.336568409	0.148947502	0.105864242	0.138420138	-0.148963523	-5.253333212	4.637783462	1.569823281	0.260712099	0.382508217	0.545257486	-0.599459585	0.693870599	1.482088174	-0.579845436	0.05950288	-0.079663628	0.210483483	-0.167798687	4.079011862	-9.922209352	-3.86845058	-0.773097976	-0.845542249	-1.017535929	0.950575594	283.8716438
0.571864309	0.329529116	0.147336723	0.067241282	0.034795869	-0.01935696	-5.557528238	2.497836198	1.295530269	0.446317376	0.187591246	0.189517875	-0.069718075	-0.470797345	0.887956996	-0.591313831	0.113132081	-0.111827241	-0.044554856	0.007234736	3.723790932	-6.869734672	-3.944945907	-0.67422178	-0.655774825	-0.310752866	0.188363939	285.7353372
0.371525631	0.079580949	0.109218624	0.055419636	0.008133872	-0.012105493	-5.668875023	1.449301402	-0.024487372	0.27324907	0.080687232	0.104395718	-0.004921801	-0.951581367	0.700870343	-0.466937335	0.446683336	-0.032973556	-0.062061905	-0.03881974	3.636763625	-5.369603533	-2.632912379	-0.554140125	-0.624222145	-0.13452122	0.153706425	286.3487336
0.282700304	0.053231371	0.136567242	-0.00129051	-0.00167443	0.03804747	-5.83456854	0.939343148	-0.260688429	0.312712328	-0.226401712	0.00553766	0.188702373	-1.634973819	0.642062995	-0.203901143	0.60580503	-0.04455033	-0.046952767	0.064005632	3.488916856	-4.594197138	-2.558250054	-0.730612791	-0.276152622	-0.072735494	-0.126731491	287.2829491
0.232850548	0.024389499	0.199103164	-0.006053549	-0.030842124	-0.003131296	-5.986554755	0.673236775	-0.541280307	0.483721617	-0.384257368	-0.141858781	-0.006595628	-2.193081574	0.627307012	0.00445098	0.724471118	0.116264972	-0.036058762	0.034438062	3.232156238	-4.028725639	-2.44912404	-1.048128935	-0.291422048	0.077314971	0.114081655	288.1957582
0.190527661	-0.095840206	0.120905221	0.042007481	0.01745999	-0.003654488	-6.121850979	0.558489127	-1.170088637	-0.005043886	-0.468241091	0.105155612	0.000545176	-2.494321876	0.529755878	-0.07335282	0.594749332	0.295203995	-0.100850006	-0.020916411	2.970311286	-3.404467496	-1.611296386	-0.553242773	-0.70201049	-0.155235045	0.15669568	289.0673955
-0.871290517	-0.244422381	0.013399226	0.269490873	0.140039999	-0.031134633	-6.646897067	-2.590155308	0.020027806	-0.97665733	-1.003948181	0.516670059	-0.22546566	-2.870227975	-2.164055702	-0.824756487	0.595325206	0.787900287	0.204776884	0.016491481	-0.126166088	1.242795551	0.044249413	-0.239678243	-1.922290061	-1.088564308	0.092726537	293.3665384
-0.615228394	-0.0209052	-0.106542344	0.35310363	0.126614244	-0.074500616	-6.467038239	-0.491839631	1.865752737	-1.538646639	-0.445763786	0.351343731	-0.333113601	-2.013792753	-2.739757458	-1.018130348	0.217404549	0.685842726	0.232206466	-0.12967231	0.308859399	0.498828142	-0.672557947	0.378548637	-2.23541442	-1.098420489	0.389334351	292.793503
-0.314840012	0.104967881	-0.166063731	0.296407112	0.147284277	-0.082423459	-6.412454702	1.034280595	2.342613629	-1.921517312	-0.266835801	0.487726832	-0.24769906	-2.146257286	-2.504268894	-0.715102067	0.088902244	0.57202871	0.22201684	-0.205924139	0.755518856	-1.372278336	-1.412386504	0.661723396	-1.80582165	-1.235027249	0.523577175	292.462673
-0.100314513	-0.052701044	-0.29078329	0.157576947	0.085639248	-0.124129192	-6.210803159	2.125482719	1.490216507	-2.446441147	-0.604514713	0.281460357	-0.469292101	-1.527706684	-2.24016336	-0.972902331	-0.095799645	0.669769225	0.189985455	-0.190903697	1.225301043	-2.58802678	-0.541421293	1.365894652	-1.113836053	-0.852041981	0.74647063	291.2939197
-0.1908955	-0.09989119	-0.196567776	0.137354403	0.10611197	0.023175195	-6.204876995	1.59451609	1.235992301	-2.067810064	-0.24965576	0.389824106	0.073581464	-2.027042843	-2.072082065	-1.261549077	0.035940349	0.473333759	0.09031885	0.19394699	1.538230283	-2.06046283	-0.230134431	0.684044405	-1.060048731	-0.884022909	-0.217386735	291.0251809
0.108121833	-0.046307567	0.006531294	0.176034507	0.096399356	-0.027345616	-6.086186425	3.430735425	1.244623716	-0.64352606	0.454226045	0.375212256	-0.096099428	-1.306078819	-1.981389926	-1.131767937	-0.389618109	0.0970081	0.024749406	-0.020680146	1.623670365	-2.970020115	-0.561458025	-0.054930474	-1.253143082	-0.785379386	0.138809366	290.7440123
0.404424846	0.119835006	0.149401387	0.132869048	0.163513065	-0.082186127	-5.833982089	4.315360457	1.838415459	0.11833036	0.542989142	0.423476656	-0.10501015	-0.517386931	-1.274904628	-1.039812296	-0.26438962	-0.129450011	0.400907965	-0.327361308	2.612270326	-4.579453233	-1.529660005	-0.835300183	-0.972547543	-1.442266546	0.698087941	289.038249
0.977935309	0.319607546	0.229194566	0.231173877	0.13210195	-0.128163835	-5.396147696	5.82980236	2.352142809	0.481820991	0.977501655	0.375351678	-0.404517947	0.857541586	0.52187317	-0.694838806	-0.051426715	-0.105022775	0.285625723	-0.265354788	3.754705828	-8.591917379	-2.817578711	-1.285778078	-1.590786589	-1.150888666	0.845713432	285.8979429
0.87906678	0.260493937	0.199837125	0.111617683	0.099854994	-0.051565341	-5.308197881	4.773199598	1.638082794	0.421842239	0.379156718	0.34381831	-0.234992104	1.069645302	1.054436926	-0.458500009	0.041513482	-0.36499449	0.214398323	-0.048336966	4.054544728	-8.084477866	-2.779895432	-1.102364111	-0.876329479	-0.846510206	0.347024005	285.115588
0.714353572	0.276743965	0.121419573	0.08679773	0.029594566	-0.036436151	-5.439916536	3.788141205	1.466449232	0.268890654	0.209874744	0.112702724	-0.174354965	0.397967454	1.088066399	-0.47911479	-0.073574774	-0.247434826	0.071263878	-0.081382087	4.067386532	-6.954262428	-2.992025366	-0.573819268	-0.759378953	-0.364689439	0.290761505	285.7680247
0.417664787	0.176793957	0.198282391	0.057499625	0.009623843	-0.047620634	-5.7842158	2.457119214	1.017275029	0.711863881	-0.009137727	0.05308352	-0.156239702	-0.798576206	0.627723723	-0.563158786	0.235754728	-0.082606765	0.019994396	-0.065972364	3.514630676	-4.786282246	-2.391876534	-1.022751194	-0.681256946	-0.20854607	0.359114623	288.0189747
0.474205871	0.120813558	0.141026498	0.048377875	0.011428123	0.012731816	-5.681622625	2.432586579	0.568604547	0.438034224	-0.098939722	0.071979064	0.076140592	-0.431087909	0.797103759	-0.179876983	0.516486854	0.046826774	-0.042582615	-0.021747589	3.734955832	-4.938370781	-2.235808823	-0.768176713	-0.66412246	-0.154703358	0.02730462	287.285306
0.485813244	0.18870797	0.179863763	0.10140348	-0.012790214	0.020937908	-5.876493129	2.391537791	0.797261572	0.584844967	0.116770678	-0.037801165	0.102930158	-1.274856738	0.765731711	0.041928769	0.51106361	0.32944058	-0.035008075	-0.010851209	3.652459741	-4.727974575	-2.68786511	-0.943881307	-1.045802286	-0.033647313	-0.010441147	288.344999
0.390785998	0.168166395	0.161303336	0.152288945	-0.022192417	-0.004328152	-5.969186938	1.951541174	0.498718016	0.379107104	0.197312637	-0.099594542	-0.015096733	-1.430405321	0.66341903	0.244284046	0.381555073	0.420242088	-0.0290755	0.004026023	3.39656334	-3.946689039	-2.567209392	-0.751170725	-1.308498796	0.019039408	0.137312426	288.944685
0.332018651	0.054160371	0.085163677	0.156174979	0.005767477	0.013526582	-6.122158124	1.833452	-0.099359037	-0.016575476	-0.010409734	0.031370159	0.088030845	-1.944075933	0.47400327	0.193367291	0.275585517	0.362571385	0.018538065	0.01345001	3.155201162	-3.254846996	-1.778196752	-0.267727687	-1.297942733	-0.144367964	0.052238374	289.8652108
-0.788588114	-0.131674947	-0.049634901	0.123529812	0.015099977	0.056977057	-6.673146871	-1.563942392	0.777013777	-0.991064495	-1.377081477	0.057957687	0.182961155	-3.076271409	-2.093105217	-0.539951992	0.284810228	0.732070827	0.003505448	0.101203145	0.177925754	1.824362487	-0.203831334	0.159221183	-1.113950076	-0.274342734	-0.399176248	293.5445675
-0.318199905	0.196693095	-0.167498029	0.169320274	0.155322051	-0.216819627	-6.216972868	1.494592192	2.907239603	-1.539030985	-0.735900601	0.469223802	-0.897747422	-0.859249692	-2.489197313	-0.351763386	-0.410970063	0.516801653	0.287051014	-0.369781472	0.927713338	-0.152181898	-1.54241391	0.893342212	-1.141258438	-1.291470318	1.274212374	291.4740359
-0.140594495	-0.020402989	-0.144185168	0.102613417	0.154191507	0.00581422	-6.346391245	2.231919363	1.932824341	-1.6645226	-0.810147616	0.47797872	0.123402148	-1.714526317	-2.432593582	-0.748090831	-0.102596237	0.584096247	0.282319156	-0.038069925	0.832356819	-1.413088549	-0.162047111	0.506611982	-0.851642435	-1.259352912	-0.027908422	292.2578749
0.068558258	-0.274783898	-0.152376168	-0.006451962	0.066450836	-0.024417317	-6.30459322	3.059620375	0.729868615	-1.733600367	-0.889809303	0.232982051	-0.051308714	-1.913864783	-2.1552082	-1.294015227	-0.065374189	0.44729924	0.228674883	0.043729665	1.225803367	-2.705365158	1.224586914	0.501229273	-0.262615063	-0.740573879	0.084051971	291.9971677
-0.040677748	-0.231955121	-0.062223234	-0.107741815	-0.002153596	0.075029991	-6.274766584	2.279148249	0.849739505	-1.213166504	-1.124616837	-0.04989058	0.284567325	-2.409524289	-1.908910459	-1.466475757	-0.192831361	-0.062314225	-0.094960211	0.163363951	1.801227231	-2.159898694	0.794607613	0.040634312	0.230237461	-0.183764724	-0.505710357	291.4245048
-0.223882055	-0.310551437	0.195858232	-0.047413616	0.116439838	-0.072528026	-6.485110261	1.821542216	0.482073711	0.232870175	-0.492654504	0.371275438	-0.290082894	-3.227576092	-2.237128762	-1.681215475	-0.246364776	-0.32251848	0.156723019	-0.064706874	1.609532499	-0.452010351	1.345784897	-1.190679371	-0.175141996	-0.962997296	0.42230812	292.8999115
0.311688972	0.014396904	0.277007232	0.111771799	0.20439482	-0.151258981	-6.122303236	4.118971561	1.775155012	0.599848707	0.518594166	0.677972927	-0.471623986	-1.555879226	-1.125053043	-1.028618564	-0.251582528	-0.425895544	0.450785498	-0.400993032	2.142938999	-3.363310033	-0.483916981	-1.649627268	-0.835205091	-1.609410366	1.03216278	290.9662576
1.03677216	0.178111549	0.277415287	0.174793482	0.08036988	-0.051193333	-5.481234003	6.173125942	1.85210639	0.769768359	0.763838334	0.232024961	-0.113284502	0.697602697	0.812974356	-0.55913254	-0.114086695	-0.303538215	0.203452818	-0.240442073	3.76651341	-8.273499322	-1.684077522	-1.552603031	-1.181781716	-0.817854104	0.421123938	286.6857398
0.775613975	0.12959921	0.349444368	0.138459386	0.025868671	-0.033965361	-5.590739126	4.514527619	1.278527288	1.22995817	0.4770362	0.086105122	-0.158284633	0.244324251	0.868232135	-0.460006498	0.245333865	-0.372592635	0.056526294	-0.027853388	3.794720873	-6.708649655	-1.594170151	-1.994499626	-1.025455947	-0.399139121	0.235129718	287.1778299
0.67694802	0.112636386	0.206349326	0.107375681	0.012687688	0.003234266	-5.694689605	4.037643666	1.047356554	0.691034743	0.200339389	0.090417688	-0.006183207	-0.222699162	0.780194883	-0.467671736	0.174778117	-0.189345679	-0.050660949	0.021782498	3.810595956	-5.813432516	-1.582716231	-1.09842109	-0.914596279	-0.229218151	0.026343076	287.7317542
0.53053701	0.045610884	0.228872879	0.123769447	0.024778343	0.004052656	-5.88998466	3.410666683	0.932106071	0.788390245	0.185226018	0.145838632	0.039497281	-0.934618933	0.552230719	-0.490931037	0.430810018	-0.151961957	-0.046240738	-0.009059918	3.57975295	-4.562883338	-1.128950102	-1.25753108	-1.014035101	-0.2679804	0.055706668	289.0079618
0.491267285	0.198457175	0.103698049	0.163454593	0.003115001	0.015032065	-5.917229305	2.964945269	1.487891395	0.06814834	0.286109658	0.021420798	0.084895506	-1.054403001	0.707992681	0.036039055	0.577620749	0.24116883	-0.015505755	0.001581036	3.614779048	-4.212509515	-2.161451098	-0.621864134	-1.367181965	-0.136234405	-0.010251194	289.047243
0.458378123	0.253755959	0.174531499	0.140393781	-0.015617599	0.012904004	-5.995289934	2.726084358	1.62588163	0.547133352	0.043561682	-0.068830321	0.067980383	-1.264235732	0.566942284	0.215000037	0.374554475	0.459061638	-0.055602574	-0.003715828	3.527172652	-3.790434667	-2.535800147	-0.883042198	-1.288750424	-0.007559634	0.03667752	289.4878077
0.29764602	0.214341633	0.171222152	0.183912392	0.01876751	0.01623586	-6.102184761	1.965329847	1.233606036	0.523253157	0.21128533	0.097236543	0.081261502	-1.532943984	0.290470789	0.137205213	0.165743337	0.392212528	-0.042451254	0.009763773	3.336801232	-2.64678695	-2.204354002	-0.758236537	-1.439945805	-0.181859736	0.01289417	290.1205032
0.25729382	0.127086926	0.158416967	0.220838393	0.010822745	0.0069814	-6.15874956	1.933357883	0.755849459	0.541316796	0.276025432	0.024645023	0.050733982	-1.580271563	0.034739206	0.17413505	0.142006147	0.298418037	-0.00187133	0.009014952	3.050737717	-2.096322404	-1.662014761	-0.650429472	-1.523034599	-0.146794365	0.072454473	290.4992701
-0.597766018	-0.085513008	-0.256679981	-0.092727623	0.013577092	0.030234123	-6.535798004	-0.154543536	1.151065436	-1.782482025	-1.729221535	0.034097008	0.127427121	-2.48108186	-2.176489933	-0.390093883	-0.372047122	0.306685029	0.056832732	0.010864123	0.535685509	1.6724909	-0.030849845	1.366432081	0.210838506	-0.286713635	-0.215267054	292.8865449
-0.02366867	0.106888949	-0.229409424	-0.062564735	0.188791125	-0.163387727	-6.054505916	3.088630223	2.420854055	-1.643865333	-1.223601113	0.62129919	-0.597391176	-0.202582223	-2.464292859	-0.144856324	-0.707042036	0.133419714	0.326398589	-0.413760187	1.245854245	-1.035242009	-0.778546347	1.264042308	0.167767778	-1.475296081	0.973255333	290.6061339
0.175378051	-0.301670753	-0.099829512	-0.211752703	0.117055786	0.014144445	-6.196913237	3.712274286	0.663079446	-1.297317587	-1.78349579	0.339678622	0.146723865	-1.092273565	-1.947348073	-1.040486253	-0.22408526	0.116169478	0.390787592	-0.009171004	0.94559021	-2.576860226	1.677626822	0.236622758	0.787687049	-1.088894756	-0.133805446	291.559947
0.158343708	-0.155884228	-0.075835438	-0.129354351	0.010268527	0.032930142	-6.235420502	3.267022133	1.306757654	-1.074182603	-1.139103378	0.023051392	0.136173617	-1.768406953	-1.71588959	-1.232808118	-0.36714571	-0.206606739	0.031121893	0.128653696	1.423437193	-2.738383827	0.65544007	0.187991229	0.388586784	-0.296470774	-0.257378695	291.5469946
-0.0149482	-0.198509436	0.113527343	-0.247186406	-0.027495052	0.005976303	-6.341783692	2.377758573	1.144023902	-0.074545113	-1.496595736	-0.13880564	-0.046509807	-2.867418808	-1.591542577	-1.537079997	-0.380430596	-0.648736578	-0.106169904	0.107939593	1.808610148	-1.669595536	0.774261217	-0.726579949	0.9382067	-0.039109412	-0.074318127	291.867914
-0.132676832	-0.332605849	0.234260374	-0.183190227	0.091076931	-0.028155983	-6.496562404	2.184953834	0.524888733	0.459934957	-1.086320009	0.342433707	-0.074226729	-3.603048171	-1.89079131	-1.685370886	-0.075045024	-0.670583768	0.135406362	-0.062827759	1.70880133	-0.477760309	1.60524326	-1.415823925	0.560671538	-0.791802363	0.202280485	292.8647156
0.15510446	-0.206420249	0.260657297	0.003017991	0.219108362	-0.1652505	-6.324711124	3.364927445	0.936155227	0.353269544	0.11632459	0.84368815	-0.636102521	-2.536902589	-1.156333502	-1.243903818	0.030848685	-0.640089832	0.374675702	-0.234142067	1.922404829	-1.905043348	1.068492775	-1.677412141	-0.203048575	-1.618732634	1.001340621	292.2306822
0.66845131	-0.070842005	0.38448046	0.151093878	0.157433126	-0.04156324	-5.888016411	4.84548702	0.805336723	1.151040574	0.680370433	0.572462282	-0.052122855	-0.962012616	0.176624988	-0.830772922	0.429009582	-0.361084694	0.27778753	-0.137601594	3.290094806	-5.217108532	0.054707547	-2.39571921	-1.08664871	-1.24452282	0.334777974	289.3115811
0.633551357	0.136862169	0.303069402	0.133409455	0.019772195	-0.000644495	-5.73418913	3.882806307	1.334807832	1.020224681	0.529910267	0.102301675	-0.017494701	-0.216921033	0.62525494	-0.431090063	0.364286006	-0.289938439	-0.106395014	-0.005808131	3.82383097	-5.271348903	-1.35663833	-1.788846018	-1.0294264	-0.294703988	0.025422257	288.1808362
0.518969111	-0.024206115	0.2450405	0.117479829	0.024342147	-0.003556222	-5.916155392	3.602345611	0.662927159	0.627118995	0.213447154	0.1405685	-0.049436695	-1.018910167	0.567267828	-0.353921021	0.297460482	-0.216401781	-0.068494063	0.022482136	3.461150555	-4.266653355	-0.536060986	-1.357024382	-0.965056917	-0.289174686	0.05094843	289.3516169
0.309780956	0.053045067	-0.003236782	0.159036292	0.022891895	-0.02080142	-6.063899507	2.956952421	1.430207668	-0.746721882	0.337360056	0.171104392	-0.101283661	-1.517328363	0.246653781	-0.312067689	0.155693658	-0.201095523	-0.015482392	0.004561816	3.404337489	-2.614161916	-0.790470997	0.018710106	-1.184705547	-0.245756779	0.181509261	290.3144807
0.392887822	0.19990463	-0.010091178	0.243134818	0.020246303	-0.003128229	-6.044833235	2.687310983	1.855827589	-0.736162086	0.632878783	0.08784031	-0.012897277	-1.478681403	0.564959765	0.164278247	0.179094374	0.290525276	-0.002352528	-0.054997989	3.426728905	-3.125072428	-1.799329656	0.106075558	-1.760422771	-0.234856445	0.105591893	290.097789
0.301546121	0.265328441	0.091157566	0.150535242	-0.00726448	0.004000407	-6.092574418	2.298515029	2.127775915	0.070002795	-0.018714093	-0.051715883	0.001458952	-1.491010545	0.201312194	0.066240042	0.092447925	0.156060086	-0.002800921	-0.032745007	3.320403411	-2.313619988	-2.108689174	-0.357563784	-1.212233039	-0.063463784	0.079264582	290.3946666
0.166649446	0.237511425	0.149920284	0.231944581	-0.00568503	0.021928388	-6.204667	1.654822228	1.898248768	0.595044492	0.355346028	-0.035336646	0.114553755	-1.8036348	-0.134743126	-0.094314932	0.019302279	0.010367097	0.00944631	-0.017313655	3.207623513	-1.348617676	-1.847332842	-0.642823629	-1.492483773	-0.065047209	-0.005619125	290.9799019
0.125931599	0.154627465	0.077629173	0.221800087	0.010985146	-0.004378912	-6.224958445	1.671427683	1.466158292	0.45414741	0.354937332	0.05117082	-0.01294978	-1.693157852	-0.36729753	-0.126160011	0.054711022	0.077253036	0.010034184	-0.022495469	3.008330681	-0.893306972	-1.346017513	-0.253181994	-1.380230169	-0.156254893	0.149233654	291.1223884
-0.416607708	-0.065198409	-0.34565658	-0.259028173	0.023238033	0.051353123	-6.388394838	0.768948633	1.324424538	-2.119562415	-1.866566919	0.086545415	0.231939096	-1.885698019	-2.31057823	-0.360965345	-0.7086585	-0.116643249	0.047093596	0.021334599	0.640142933	1.447952628	0.264348808	1.838088495	1.160252355	-0.336907935	-0.329872802	292.2309522
-0.022884035	-0.056843958	-0.187517988	-0.218724047	0.176494105	-0.121914798	-6.055222837	3.074061487	1.717642067	-1.4856539	-1.498220786	0.563441896	-0.429793434	-0.408038813	-2.671162433	-0.450013459	-0.604749579	0.031912539	0.441922416	-0.323659889	1.249945378	-0.355737723	0.485437971	0.892294737	0.819779791	-1.42318724	0.685336797	290.7102607
0.15479278	-0.290092846	0.087020434	-0.092908482	0.155535533	0.059895846	-6.300578441	3.058937892	0.582999036	-0.1904749	-0.74375044	0.59143924	0.303554429	-1.889653187	-1.459312132	-1.30796286	-0.248100674	-0.058143719	0.359251307	0.012358799	0.977135228	-2.238648209	1.706238762	-0.727619864	0.00543281	-1.241114761	-0.369756262	292.0262689
-0.077564745	-0.300238084	0.113954252	-0.299264729	-0.035145927	0.016261422	-6.363662007	1.791340033	0.639394861	0.076118201	-1.612963883	-0.160082993	0.016846145	-2.677278085	-1.496658976	-1.469335339	-0.488183272	-0.557659299	-0.04686703	0.165643459	1.285766355	-1.027450636	1.474513052	-0.711776149	1.141593118	0.009389949	-0.143629866	292.2344116
-0.06153542	-0.329907278	0.19525504	-0.321734359	-0.010075793	-0.015546844	-6.443481067	1.896811043	0.499933191	0.451082091	-1.598916812	-0.013138549	-0.12375031	-3.54237091	-1.266440037	-1.677578531	-0.373126319	-0.844772565	-0.093980561	0.113685769	1.628038931	-1.009698338	1.672417019	-1.074450422	1.276260282	-0.149127785	0.073024725	292.555054
0.069313443	-0.233677653	0.188015316	-0.210217594	0.029810037	0.07022553	-6.402936196	2.850638274	0.964391025	0.228436185	-0.93747446	0.152569677	0.29301694	-3.46448767	-1.29724901	-1.525147418	-0.132388957	-0.89129248	-0.07072983	0.044373141	1.907162432	-1.223577391	1.244159693	-1.089779701	0.816705889	-0.388431641	-0.388451469	292.4014869
0.337720566	-0.207797041	0.27138164	-0.02612276	0.15879158	-0.055629267	-6.252743856	3.755503655	0.737804436	0.443980069	0.098867653	0.629777994	-0.169258328	-2.610261272	-0.522609165	-1.007717651	0.313106802	-0.497899119	0.13051939	-0.076870218	2.365465011	-2.701333026	1.195237772	-1.805085144	-0.127524882	-1.191268482	0.383597453	291.7766646
0.450068187	-0.096183251	0.284200752	0.064602405	0.165733935	-0.072451032	-6.155572345	3.9108621	0.804418592	0.639705784	0.468795633	0.611128325	-0.261004687	-2.289127707	0.135873892	-0.803540828	0.560632576	-0.422939003	0.197860053	0.025620177	2.771175608	-3.445500547	0.45975455	-1.907334839	-0.633416057	-1.242843235	0.449444245	291.1019307
0.580855561	0.104865057	0.236324445	0.151096178	0.029155863	-0.007142702	-5.943390284	3.524195864	1.355832492	0.572802219	0.774322773	0.164452377	-0.047385751	-1.263391238	0.574751809	-0.419751487	0.490129776	-0.213076214	-0.131038555	0.039507815	3.410616977	-4.5336655	-0.983071005	-1.461800597	-1.166132054	-0.332392936	0.055200109	289.6424588
0.340697466	0.009057362	0.127379617	0.128608991	0.021675161	-0.009952958	-6.08285737	2.890330762	1.158814593	-0.284699603	0.370346743	0.119293881	-0.086928371	-1.825341594	0.34072091	-0.304743407	0.335868947	-0.136898102	-0.077951473	-0.005990936	3.078823632	-2.728216924	-0.399466523	-0.761273296	-1.070683664	-0.257591262	0.098757545	290.6019627
0.248645491	0.149473189	-0.111638583	0.186091597	0.029074133	-0.073424392	-6.0434691	2.476049427	2.095446343	-1.419143717	0.601403409	0.173965714	-0.292341493	-1.703776217	0.438029703	-0.097277601	0.128401577	-0.059839273	0.027176441	-0.158216897	3.472646148	-2.027905093	-1.088658409	0.586364859	-1.359206146	-0.307290767	0.568777135	290.3077386
0.212145546	0.188693687	-0.08255119	0.202478667	0.012062674	0.02132595	-6.109655916	1.874120956	2.009962358	-1.190052431	0.512691625	0.068963284	0.096530287	-1.93000091	0.340656657	-0.000473808	0.024146827	0.030959817	0.046597661	-0.104896852	3.321364454	-1.72681727	-1.403222846	0.572223044	-1.431834176	-0.207864533	-0.007657815	290.6862043
0.176811426	0.218512503	0.003905703	0.077532012	-0.011268589	0.028186346	-6.193976956	1.834305337	2.174196705	-0.478654345	-0.24504999	-0.057880208	0.122506868	-2.121192596	-0.041136535	-0.173116104	0.12962351	-0.368370561	0.04735062	-0.008353643	3.169370763	-1.240085694	-1.469058726	0.08575538	-0.593379815	-0.05364426	-0.066596139	291.2112717
0.044528682	0.133634055	0.052056252	0.101794044	-0.012076108	-0.007731152	-6.278181169	1.221946257	1.776941033	0.198684306	-0.177881334	-0.05924853	-0.011048154	-2.283571148	-0.377791707	-0.30841498	0.046779738	-0.495831535	0.05328862	-0.050025076	3.075163452	-0.313518428	-0.975385772	-0.131024766	-0.615986774	-0.047791247	0.142897448	291.6496685
0.061989407	0.085902253	-0.009041205	0.149778906	0.001683352	0.011999599	-6.255333833	1.459247841	1.576013557	0.13332863	0.102371089	-0.009627659	0.075390909	-1.924267258	-0.576421672	-0.673951446	0.142782017	-0.40729939	-0.009151123	-0.010005914	2.809348455	-0.258313448	-0.548842382	0.153044062	-0.85150665	-0.086597992	0.046591883	291.600094
